=== Run information ===

Evaluator:    weka.attributeSelection.PrincipalComponents -R 0.9 -A -1
Search:       weka.attributeSelection.Ranker -T -1.7976931348623157E308 -N -1
Relation:     wdbc-weka.filters.unsupervised.attribute.Remove-R1-weka.filters.unsupervised.attribute.Reorder-R2,3,4,5,6,7,8,9,10,11,12,13,14,15,16,17,18,19,20,21,22,23,24,25,26,27,28,29,30,31,1-weka.filters.unsupervised.attribute.Reorder-R1,2,3,4,5,6,7,8,9,10,11,12,13,14,15,16,17,18,19,20,21,22,23,24,25,26,27,28,29,30,31
Instances:    569
Attributes:   31
              Mean Radius
              Mean Texture
              Mean Perimeter
              Mean Area
              Mean Smoothness
              Mean Compactness
              Mean Concavity
              Mean Concave Points
              Mean Symmetry
              Mean Fractal Dimension
              SE Radius
              SE Texture
              SE Perimeter
              SE Area
              SE Smoothness
              SE Compactness
              SE Concavity
              SE Concave Points
              SE Symmetry
              SE Fractal Dimension
              Worst Radius
              Worst Texture
              Worst Perimeter
              Worst Area
              Worst Smoothness
              Worst Compactness
              Worst Concavity
              Worst Concave Points
              Worst Symmetry
              Worst Fractal Dimension
              Diagnosis
Evaluation mode:    evaluate on all training data



=== Attribute Selection on all input data ===

Search Method:
	Attribute ranking.

Attribute Evaluator (unsupervised):
	Principal Components Attribute Transformer

Correlation matrix
  1      0.32   1      0.99   0.17   0.51   0.68   0.82   0.15  -0.31   0.68  -0.1    0.67   0.74  -0.22   0.21   0.19   0.38  -0.1   -0.04   0.97   0.3    0.97   0.94   0.12   0.41   0.53   0.74   0.16   0.01 
  0.32   1      0.33   0.32  -0.02   0.24   0.3    0.29   0.07  -0.08   0.28   0.39   0.28   0.26   0.01   0.19   0.14   0.16   0.01   0.05   0.35   0.91   0.36   0.34   0.08   0.28   0.3    0.3    0.11   0.12 
  1      0.33   1      0.99   0.21   0.56   0.72   0.85   0.18  -0.26   0.69  -0.09   0.69   0.74  -0.2    0.25   0.23   0.41  -0.08  -0.01   0.97   0.3    0.97   0.94   0.15   0.46   0.56   0.77   0.19   0.05 
  0.99   0.32   0.99   1      0.18   0.5    0.69   0.82   0.15  -0.28   0.73  -0.07   0.73   0.8   -0.17   0.21   0.21   0.37  -0.07  -0.02   0.96   0.29   0.96   0.96   0.12   0.39   0.51   0.72   0.14   0    
  0.17  -0.02   0.21   0.18   1      0.66   0.52   0.55   0.56   0.58   0.3    0.07   0.3    0.25   0.33   0.32   0.25   0.38   0.2    0.28   0.21   0.04   0.24   0.21   0.81   0.47   0.43   0.5    0.39   0.5  
  0.51   0.24   0.56   0.5    0.66   1      0.88   0.83   0.6    0.57   0.5    0.05   0.55   0.46   0.14   0.74   0.57   0.64   0.23   0.51   0.54   0.25   0.59   0.51   0.57   0.87   0.82   0.82   0.51   0.69 
  0.68   0.3    0.72   0.69   0.52   0.88   1      0.92   0.5    0.34   0.63   0.08   0.66   0.62   0.1    0.67   0.69   0.68   0.18   0.45   0.69   0.3    0.73   0.68   0.45   0.75   0.88   0.86   0.41   0.51 
  0.82   0.29   0.85   0.82   0.55   0.83   0.92   1      0.46   0.17   0.7    0.02   0.71   0.69   0.03   0.49   0.44   0.62   0.1    0.26   0.83   0.29   0.86   0.81   0.45   0.67   0.75   0.91   0.38   0.37 
  0.15   0.07   0.18   0.15   0.56   0.6    0.5    0.46   1      0.48   0.3    0.13   0.31   0.22   0.19   0.42   0.34   0.39   0.45   0.33   0.19   0.09   0.22   0.18   0.43   0.47   0.43   0.43   0.7    0.44 
 -0.31  -0.08  -0.26  -0.28   0.58   0.57   0.34   0.17   0.48   1      0      0.16   0.04  -0.09   0.4    0.56   0.45   0.34   0.35   0.69  -0.25  -0.05  -0.21  -0.23   0.5    0.46   0.35   0.18   0.33   0.77 
  0.68   0.28   0.69   0.73   0.3    0.5    0.63   0.7    0.3    0      1      0.21   0.97   0.95   0.16   0.36   0.33   0.51   0.24   0.23   0.72   0.19   0.72   0.75   0.14   0.29   0.38   0.53   0.09   0.05 
 -0.1    0.39  -0.09  -0.07   0.07   0.05   0.08   0.02   0.13   0.16   0.21   1      0.22   0.11   0.4    0.23   0.19   0.23   0.41   0.28  -0.11   0.41  -0.1   -0.08  -0.07  -0.09  -0.07  -0.12  -0.13  -0.05 
  0.67   0.28   0.69   0.73   0.3    0.55   0.66   0.71   0.31   0.04   0.97   0.22   1      0.94   0.15   0.42   0.36   0.56   0.27   0.24   0.7    0.2    0.72   0.73   0.13   0.34   0.42   0.55   0.11   0.09 
  0.74   0.26   0.74   0.8    0.25   0.46   0.62   0.69   0.22  -0.09   0.95   0.11   0.94   1      0.08   0.28   0.27   0.42   0.13   0.13   0.76   0.2    0.76   0.81   0.13   0.28   0.39   0.54   0.07   0.02 
 -0.22   0.01  -0.2   -0.17   0.33   0.14   0.1    0.03   0.19   0.4    0.16   0.4    0.15   0.08   1      0.34   0.27   0.33   0.41   0.43  -0.23  -0.07  -0.22  -0.18   0.31  -0.06  -0.06  -0.1   -0.11   0.1  
  0.21   0.19   0.25   0.21   0.32   0.74   0.67   0.49   0.42   0.56   0.36   0.23   0.42   0.28   0.34   1      0.8    0.74   0.39   0.8    0.2    0.14   0.26   0.2    0.23   0.68   0.64   0.48   0.28   0.59 
  0.19   0.14   0.23   0.21   0.25   0.57   0.69   0.44   0.34   0.45   0.33   0.19   0.36   0.27   0.27   0.8    1      0.77   0.31   0.73   0.19   0.1    0.23   0.19   0.17   0.48   0.66   0.44   0.2    0.44 
  0.38   0.16   0.41   0.37   0.38   0.64   0.68   0.62   0.39   0.34   0.51   0.23   0.56   0.42   0.33   0.74   0.77   1      0.31   0.61   0.36   0.09   0.39   0.34   0.22   0.45   0.55   0.6    0.14   0.31 
 -0.1    0.01  -0.08  -0.07   0.2    0.23   0.18   0.1    0.45   0.35   0.24   0.41   0.27   0.13   0.41   0.39   0.31   0.31   1      0.37  -0.13  -0.08  -0.1   -0.11  -0.01   0.06   0.04  -0.03   0.39   0.08 
 -0.04   0.05  -0.01  -0.02   0.28   0.51   0.45   0.26   0.33   0.69   0.23   0.28   0.24   0.13   0.43   0.8    0.73   0.61   0.37   1     -0.04  -0     -0     -0.02   0.17   0.39   0.38   0.22   0.11   0.59 
  0.97   0.35   0.97   0.96   0.21   0.54   0.69   0.83   0.19  -0.25   0.72  -0.11   0.7    0.76  -0.23   0.2    0.19   0.36  -0.13  -0.04   1      0.36   0.99   0.98   0.22   0.48   0.57   0.79   0.24   0.09 
  0.3    0.91   0.3    0.29   0.04   0.25   0.3    0.29   0.09  -0.05   0.19   0.41   0.2    0.2   -0.07   0.14   0.1    0.09  -0.08  -0      0.36   1      0.37   0.35   0.23   0.36   0.37   0.36   0.23   0.22 
  0.97   0.36   0.97   0.96   0.24   0.59   0.73   0.86   0.22  -0.21   0.72  -0.1    0.72   0.76  -0.22   0.26   0.23   0.39  -0.1   -0      0.99   0.37   1      0.98   0.24   0.53   0.62   0.82   0.27   0.14 
  0.94   0.34   0.94   0.96   0.21   0.51   0.68   0.81   0.18  -0.23   0.75  -0.08   0.73   0.81  -0.18   0.2    0.19   0.34  -0.11  -0.02   0.98   0.35   0.98   1      0.21   0.44   0.54   0.75   0.21   0.08 
  0.12   0.08   0.15   0.12   0.81   0.57   0.45   0.45   0.43   0.5    0.14  -0.07   0.13   0.13   0.31   0.23   0.17   0.22  -0.01   0.17   0.22   0.23   0.24   0.21   1      0.57   0.52   0.55   0.49   0.62 
  0.41   0.28   0.46   0.39   0.47   0.87   0.75   0.67   0.47   0.46   0.29  -0.09   0.34   0.28  -0.06   0.68   0.48   0.45   0.06   0.39   0.48   0.36   0.53   0.44   0.57   1      0.89   0.8    0.61   0.81 
  0.53   0.3    0.56   0.51   0.43   0.82   0.88   0.75   0.43   0.35   0.38  -0.07   0.42   0.39  -0.06   0.64   0.66   0.55   0.04   0.38   0.57   0.37   0.62   0.54   0.52   0.89   1      0.86   0.53   0.69 
  0.74   0.3    0.77   0.72   0.5    0.82   0.86   0.91   0.43   0.18   0.53  -0.12   0.55   0.54  -0.1    0.48   0.44   0.6   -0.03   0.22   0.79   0.36   0.82   0.75   0.55   0.8    0.86   1      0.5    0.51 
  0.16   0.11   0.19   0.14   0.39   0.51   0.41   0.38   0.7    0.33   0.09  -0.13   0.11   0.07  -0.11   0.28   0.2    0.14   0.39   0.11   0.24   0.23   0.27   0.21   0.49   0.61   0.53   0.5    1      0.54 
  0.01   0.12   0.05   0      0.5    0.69   0.51   0.37   0.44   0.77   0.05  -0.05   0.09   0.02   0.1    0.59   0.44   0.31   0.08   0.59   0.09   0.22   0.14   0.08   0.62   0.81   0.69   0.51   0.54   1    


eigenvalue	proportion	cumulative
 13.28161	  0.44272	  0.44272	-0.261Mean Concave Points-0.258Mean Concavity-0.251Worst Concave Points-0.239Mean Compactness-0.237Worst Perimeter-0.229Worst Concavity-0.228Worst Radius-0.228Mean Perimeter-0.225Worst Area-0.221Mean Area-0.219Mean Radius-0.211SE Perimeter-0.21Worst Compactness-0.206SE Radius-0.203SE Area-0.183SE Concave Points-0.17SE Compactness-0.154SE Concavity-0.143Mean Smoothness-0.138Mean Symmetry-0.132Worst Fractal Dimension-0.128Worst Smoothness-0.123Worst Symmetry-0.104Worst Texture-0.104Mean Texture-0.103SE Fractal Dimension-0.064Mean Fractal Dimension-0.042SE Symmetry-0.017SE Texture-0.015SE Smoothness
  5.69135	  0.18971	  0.63243	0.367Mean Fractal Dimension+0.28 SE Fractal Dimension+0.275Worst Fractal Dimension-0.234Mean Radius+0.233SE Compactness-0.231Mean Area-0.22Worst Radius-0.219Worst Area-0.215Mean Perimeter+0.204SE Smoothness-0.2Worst Perimeter+0.197SE Concavity+0.19 Mean Symmetry+0.186Mean Smoothness+0.184SE Symmetry+0.172Worst Smoothness-0.152SE Area+0.152Mean Compactness+0.144Worst Compactness+0.142Worst Symmetry+0.13 SE Concave Points-0.106SE Radius+0.098Worst Concavity+0.09 SE Texture-0.089SE Perimeter+0.06 Mean Concavity-0.06Mean Texture-0.045Worst Texture-0.035Mean Concave Points-0.008Worst Concave Points
  2.81795	  0.09393	  0.72636	-0.375SE Texture-0.309SE Smoothness-0.289SE Symmetry+0.271Worst Symmetry-0.268SE Radius-0.267SE Perimeter+0.26 Worst Smoothness+0.236Worst Compactness+0.233Worst Fractal Dimension-0.225SE Concave Points-0.216SE Area-0.212SE Fractal Dimension-0.176SE Concavity+0.173Worst Concavity+0.17 Worst Concave Points-0.155SE Compactness+0.104Mean Smoothness+0.074Mean Compactness-0.065Mean Texture+0.049Worst Perimeter+0.048Worst Radius+0.042Worst Texture+0.04 Mean Symmetry-0.029Mean Area+0.026Mean Concave Points+0.023Mean Fractal Dimension+0.012Worst Area+0.009Mean Perimeter+0.009Mean Radius-0.003Mean Concavity
  1.98064	  0.06602	  0.79239	-0.633Worst Texture-0.603Mean Texture-0.36SE Texture+0.159Mean Smoothness+0.108SE Area+0.098SE Radius-0.091Worst Compactness+0.089SE Perimeter-0.077Worst Fractal Dimension+0.074SE Concave Points-0.074Worst Concavity+0.067Mean Symmetry+0.065Mean Concave Points+0.053Mean Area+0.049Mean Fractal Dimension+0.045SE Smoothness+0.044SE Symmetry+0.042Mean Perimeter+0.041Mean Radius-0.036Worst Symmetry+0.032Mean Compactness-0.027SE Compactness+0.026Worst Area+0.019Mean Concavity+0.018Worst Smoothness+0.015Worst Radius+0.015SE Fractal Dimension+0.014Worst Perimeter+0.006Worst Concave Points+0.001SE Concavity
  1.64873	  0.05496	  0.84734	-0.365Mean Smoothness+0.354SE Concavity-0.324Worst Smoothness-0.306Mean Symmetry+0.28 SE Compactness+0.263SE Fractal Dimension-0.253SE Symmetry-0.245Worst Symmetry-0.232SE Smoothness+0.196SE Concave Points-0.192SE Texture+0.189Worst Concavity-0.154SE Radius-0.128SE Area+0.122Worst Compactness-0.121SE Perimeter+0.094Worst Fractal Dimension-0.093Worst Texture+0.086Mean Concavity-0.049Mean Texture-0.044Mean Fractal Dimension-0.044Mean Concave Points+0.043Worst Concave Points+0.038Mean Radius+0.037Mean Perimeter-0.027Worst Area+0.012Mean Compactness+0.01 Mean Area+0.007Worst Perimeter-0.004Worst Radius
  1.20736	  0.04025	  0.88759	0.499Worst Symmetry+0.49 SE Symmetry-0.369Worst Smoothness+0.356Mean Symmetry-0.343SE Smoothness-0.286Mean Smoothness-0.119Mean Fractal Dimension-0.08Worst Fractal Dimension+0.069SE Compactness+0.056SE Concavity-0.053SE Fractal Dimension-0.052Mean Concave Points-0.05Worst Texture+0.048Worst Compactness-0.043SE Area-0.032Mean Texture-0.031SE Concave Points-0.031Worst Concave Points-0.029SE Texture+0.028Worst Concavity-0.026SE Radius-0.025Worst Area+0.019Mean Radius+0.017Mean Perimeter-0.014Mean Compactness-0.009Mean Concavity+0.009Worst Perimeter-0.002Mean Area+0.002SE Perimeter-0Worst Radius
  0.67522	  0.02251	  0.9101 	-0.375Worst Fractal Dimension+0.37 SE Concave Points-0.347SE Area-0.315SE Perimeter-0.312SE Radius-0.296Mean Fractal Dimension+0.244SE Smoothness+0.209SE Concavity-0.191SE Fractal Dimension+0.168Worst Concave Points+0.15 Mean Concave Points+0.141Mean Smoothness-0.14Worst Compactness+0.124Mean Radius+0.114Mean Perimeter+0.109Worst Smoothness+0.108Mean Concavity+0.094Mean Symmetry+0.091SE Texture+0.08 SE Symmetry-0.068Worst Area+0.06 Worst Concavity+0.052Mean Area-0.031Mean Compactness-0.023SE Compactness+0.018Worst Symmetry-0.011Mean Texture-0.01Worst Texture+0.01 Worst Radius+0    Worst Perimeter

Eigenvectors
 V1	 V2	 V3	 V4	 V5	 V6	 V7	
-0.2189	-0.2339	 0.0085	 0.0414	 0.0378	 0.0187	 0.1241	Mean Radius
-0.1037	-0.0597	-0.0645	-0.6031	-0.0495	-0.0322	-0.0114	Mean Texture
-0.2275	-0.2152	 0.0093	 0.042 	 0.0374	 0.0173	 0.1145	Mean Perimeter
-0.221 	-0.2311	-0.0287	 0.0534	 0.0103	-0.0019	 0.0517	Mean Area
-0.1426	 0.1861	 0.1043	 0.1594	-0.3651	-0.2864	 0.1407	Mean Smoothness
-0.2393	 0.1519	 0.0741	 0.0318	 0.0117	-0.0141	-0.0309	Mean Compactness
-0.2584	 0.0602	-0.0027	 0.0191	 0.0864	-0.0093	 0.1075	Mean Concavity
-0.2609	-0.0348	 0.0256	 0.0653	-0.0439	-0.052 	 0.1505	Mean Concave Points
-0.1382	 0.1903	 0.0402	 0.0671	-0.3059	 0.3565	 0.0939	Mean Symmetry
-0.0644	 0.3666	 0.0226	 0.0486	-0.0444	-0.1194	-0.2958	Mean Fractal Dimension
-0.206 	-0.1056	-0.2685	 0.0979	-0.1545	-0.0256	-0.3125	SE Radius
-0.0174	 0.09  	-0.3746	-0.3599	-0.1917	-0.0287	 0.0908	SE Texture
-0.2113	-0.0895	-0.2666	 0.089 	-0.121 	 0.0018	-0.3146	SE Perimeter
-0.2029	-0.1523	-0.216 	 0.1082	-0.1276	-0.0429	-0.3467	SE Area
-0.0145	 0.2044	-0.3088	 0.0447	-0.2321	-0.3429	 0.244 	SE Smoothness
-0.1704	 0.2327	-0.1548	-0.0275	 0.28  	 0.0692	-0.0235	SE Compactness
-0.1536	 0.1972	-0.1765	 0.0013	 0.354 	 0.0563	 0.2088	SE Concavity
-0.1834	 0.1303	-0.2247	 0.0741	 0.1955	-0.0312	 0.3696	SE Concave Points
-0.0425	 0.1838	-0.2886	 0.0441	-0.2529	 0.4902	 0.0804	SE Symmetry
-0.1026	 0.2801	-0.2115	 0.0153	 0.2633	-0.0532	-0.1914	SE Fractal Dimension
-0.228 	-0.2199	 0.0475	 0.0154	-0.0044	-0.0003	 0.0097	Worst Radius
-0.1045	-0.0455	 0.0423	-0.6328	-0.0929	-0.05  	-0.0099	Worst Texture
-0.2366	-0.1999	 0.0485	 0.0138	 0.0075	 0.0085	 0.0004	Worst Perimeter
-0.2249	-0.2194	 0.0119	 0.0259	-0.0274	-0.0252	-0.0678	Worst Area
-0.128 	 0.1723	 0.2598	 0.0177	-0.3244	-0.3693	 0.1088	Worst Smoothness
-0.2101	 0.1436	 0.2361	-0.0913	 0.1218	 0.0477	-0.1405	Worst Compactness
-0.2288	 0.098 	 0.1731	-0.074 	 0.1885	 0.0284	 0.0605	Worst Concavity
-0.2509	-0.0083	 0.1703	 0.006 	 0.0433	-0.0309	 0.168 	Worst Concave Points
-0.1229	 0.1419	 0.2713	-0.0363	-0.2446	 0.4989	 0.0185	Worst Symmetry
-0.1318	 0.2753	 0.2328	-0.0771	 0.0944	-0.0802	-0.3747	Worst Fractal Dimension

Ranked attributes:
 0.5573   1 -0.261Mean Concave Points-0.258Mean Concavity-0.251Worst Concave Points-0.239Mean Compactness-0.237Worst Perimeter-0.229Worst Concavity-0.228Worst Radius-0.228Mean Perimeter-0.225Worst Area-0.221Mean Area-0.219Mean Radius-0.211SE Perimeter-0.21Worst Compactness-0.206SE Radius-0.203SE Area-0.183SE Concave Points-0.17SE Compactness-0.154SE Concavity-0.143Mean Smoothness-0.138Mean Symmetry-0.132Worst Fractal Dimension-0.128Worst Smoothness-0.123Worst Symmetry-0.104Worst Texture-0.104Mean Texture-0.103SE Fractal Dimension-0.064Mean Fractal Dimension-0.042SE Symmetry-0.017SE Texture-0.015SE Smoothness
 0.3676   2 0.367Mean Fractal Dimension+0.28 SE Fractal Dimension+0.275Worst Fractal Dimension-0.234Mean Radius+0.233SE Compactness-0.231Mean Area-0.22Worst Radius-0.219Worst Area-0.215Mean Perimeter+0.204SE Smoothness-0.2Worst Perimeter+0.197SE Concavity+0.19 Mean Symmetry+0.186Mean Smoothness+0.184SE Symmetry+0.172Worst Smoothness-0.152SE Area+0.152Mean Compactness+0.144Worst Compactness+0.142Worst Symmetry+0.13 SE Concave Points-0.106SE Radius+0.098Worst Concavity+0.09 SE Texture-0.089SE Perimeter+0.06 Mean Concavity-0.06Mean Texture-0.045Worst Texture-0.035Mean Concave Points-0.008Worst Concave Points
 0.2736   3 -0.375SE Texture-0.309SE Smoothness-0.289SE Symmetry+0.271Worst Symmetry-0.268SE Radius-0.267SE Perimeter+0.26 Worst Smoothness+0.236Worst Compactness+0.233Worst Fractal Dimension-0.225SE Concave Points-0.216SE Area-0.212SE Fractal Dimension-0.176SE Concavity+0.173Worst Concavity+0.17 Worst Concave Points-0.155SE Compactness+0.104Mean Smoothness+0.074Mean Compactness-0.065Mean Texture+0.049Worst Perimeter+0.048Worst Radius+0.042Worst Texture+0.04 Mean Symmetry-0.029Mean Area+0.026Mean Concave Points+0.023Mean Fractal Dimension+0.012Worst Area+0.009Mean Perimeter+0.009Mean Radius-0.003Mean Concavity
 0.2076   4 -0.633Worst Texture-0.603Mean Texture-0.36SE Texture+0.159Mean Smoothness+0.108SE Area+0.098SE Radius-0.091Worst Compactness+0.089SE Perimeter-0.077Worst Fractal Dimension+0.074SE Concave Points-0.074Worst Concavity+0.067Mean Symmetry+0.065Mean Concave Points+0.053Mean Area+0.049Mean Fractal Dimension+0.045SE Smoothness+0.044SE Symmetry+0.042Mean Perimeter+0.041Mean Radius-0.036Worst Symmetry+0.032Mean Compactness-0.027SE Compactness+0.026Worst Area+0.019Mean Concavity+0.018Worst Smoothness+0.015Worst Radius+0.015SE Fractal Dimension+0.014Worst Perimeter+0.006Worst Concave Points+0.001SE Concavity
 0.1527   5 -0.365Mean Smoothness+0.354SE Concavity-0.324Worst Smoothness-0.306Mean Symmetry+0.28 SE Compactness+0.263SE Fractal Dimension-0.253SE Symmetry-0.245Worst Symmetry-0.232SE Smoothness+0.196SE Concave Points-0.192SE Texture+0.189Worst Concavity-0.154SE Radius-0.128SE Area+0.122Worst Compactness-0.121SE Perimeter+0.094Worst Fractal Dimension-0.093Worst Texture+0.086Mean Concavity-0.049Mean Texture-0.044Mean Fractal Dimension-0.044Mean Concave Points+0.043Worst Concave Points+0.038Mean Radius+0.037Mean Perimeter-0.027Worst Area+0.012Mean Compactness+0.01 Mean Area+0.007Worst Perimeter-0.004Worst Radius
 0.1124   6 0.499Worst Symmetry+0.49 SE Symmetry-0.369Worst Smoothness+0.356Mean Symmetry-0.343SE Smoothness-0.286Mean Smoothness-0.119Mean Fractal Dimension-0.08Worst Fractal Dimension+0.069SE Compactness+0.056SE Concavity-0.053SE Fractal Dimension-0.052Mean Concave Points-0.05Worst Texture+0.048Worst Compactness-0.043SE Area-0.032Mean Texture-0.031SE Concave Points-0.031Worst Concave Points-0.029SE Texture+0.028Worst Concavity-0.026SE Radius-0.025Worst Area+0.019Mean Radius+0.017Mean Perimeter-0.014Mean Compactness-0.009Mean Concavity+0.009Worst Perimeter-0.002Mean Area+0.002SE Perimeter-0Worst Radius
 0.0899   7 -0.375Worst Fractal Dimension+0.37 SE Concave Points-0.347SE Area-0.315SE Perimeter-0.312SE Radius-0.296Mean Fractal Dimension+0.244SE Smoothness+0.209SE Concavity-0.191SE Fractal Dimension+0.168Worst Concave Points+0.15 Mean Concave Points+0.141Mean Smoothness-0.14Worst Compactness+0.124Mean Radius+0.114Mean Perimeter+0.109Worst Smoothness+0.108Mean Concavity+0.094Mean Symmetry+0.091SE Texture+0.08 SE Symmetry-0.068Worst Area+0.06 Worst Concavity+0.052Mean Area-0.031Mean Compactness-0.023SE Compactness+0.018Worst Symmetry-0.011Mean Texture-0.01Worst Texture+0.01 Worst Radius+0    Worst Perimeter

Selected attributes: 1,2,3,4,5,6,7 : 7

